      0/99     2.05G    0.1339   0.03561         0    0.1695       188       416   0.01606   0.02238  0.001333 0.0002417    0.1278   0.03261         0
      1/99     2.06G    0.1183   0.03808         0    0.1564       137       416    0.3131    0.1478    0.1067   0.03259    0.1027   0.03527         0
      2/99     2.06G    0.1049   0.03849         0    0.1433        52       416    0.3718       0.2    0.1191   0.03727   0.09552   0.03491         0
      3/99     2.06G   0.09678   0.03795         0    0.1347        95       416    0.6219    0.2468    0.2597    0.1122   0.08662   0.03213         0
      4/99     2.06G   0.09247   0.03684         0    0.1293       108       416    0.6901    0.2599     0.279    0.1195   0.08602   0.03212         0
      5/99     2.06G   0.08902   0.03628         0    0.1253       146       416     0.736    0.2776    0.3023    0.1351   0.08206    0.0303         0
      6/99     2.06G   0.08754   0.03645         0     0.124       277       416    0.6731    0.2939    0.3106    0.1321   0.08144   0.03101         0
      7/99     2.06G   0.08631    0.0361         0    0.1224       200       416    0.6747    0.3169    0.3342    0.1562   0.07834   0.03054         0
      8/99     2.06G   0.08529   0.03561         0    0.1209        80       416    0.7054    0.3169    0.3353    0.1542   0.07825   0.03105         0
      9/99     2.06G   0.08444   0.03565         0    0.1201       141       416     0.789    0.3204    0.3542    0.1644   0.07661   0.02966         0
     10/99     2.06G   0.08364   0.03536         0     0.119       107       416    0.7202    0.3429    0.3636    0.1709   0.07615   0.02956         0
     11/99     2.06G   0.08356   0.03533         0    0.1189       175       416    0.7434    0.3482    0.3706     0.175   0.07584   0.02967         0
     12/99     2.06G   0.08276   0.03493         0    0.1177       203       416    0.7824    0.3379    0.3697    0.1755   0.07512   0.02935         0
     13/99     2.06G   0.08147   0.03515         0    0.1166       208       416    0.7229    0.3586    0.3769    0.1811   0.07429   0.02941         0
     14/99     2.06G    0.0815   0.03462         0    0.1161       235       416    0.7384    0.3593    0.3796    0.1837   0.07404   0.02925         0
     15/99     2.06G   0.08078    0.0345         0    0.1153       292       416    0.7579    0.3567    0.3834    0.1823     0.074   0.02955         0
     16/99     2.06G   0.08083   0.03488         0    0.1157       137       416    0.7445    0.3716    0.3921    0.1881   0.07351   0.02941         0
     17/99     2.06G   0.08084   0.03525         0    0.1161       149       416    0.7508      0.37    0.3944    0.1918   0.07282   0.02931         0
     18/99     2.06G    0.0801   0.03486         0     0.115       199       416    0.7693    0.3655    0.3972    0.1933   0.07311   0.02941         0
     19/99     2.06G   0.07944   0.03422         0    0.1137       117       416    0.7722    0.3698    0.4028    0.1941   0.07239   0.02918         0
     20/99     2.06G   0.07927   0.03374         0     0.113       121       416    0.7286    0.3778    0.3972    0.1915   0.07243   0.02915         0
     21/99     2.06G   0.07936   0.03508         0    0.1144        76       416    0.7721    0.3738    0.4042     0.197   0.07191    0.0293         0
     22/99     2.06G   0.07922   0.03493         0    0.1142       227       416    0.7639    0.3821    0.4087    0.2011    0.0718   0.02896         0
     23/99     2.06G    0.0785   0.03415         0    0.1127       203       416    0.7425     0.382    0.4039     0.197   0.07187   0.02904         0
     24/99     2.06G   0.07911   0.03457         0    0.1137       383       416    0.7388    0.3861    0.4081    0.2011   0.07132   0.02892         0
     25/99     2.06G   0.07844   0.03426         0    0.1127       199       416    0.7439    0.3924    0.4115    0.2006   0.07153   0.02886         0
     26/99     2.06G   0.07832   0.03448         0    0.1128       323       416    0.7691    0.3895    0.4173    0.2044   0.07099   0.02903         0
     27/99     2.06G   0.07801   0.03449         0    0.1125       166       416    0.7746    0.3812    0.4157    0.2031   0.07093   0.02932         0
     28/99     2.06G   0.07762   0.03395         0    0.1116        69       416    0.7437    0.3952    0.4159     0.205   0.07089   0.02901         0
     29/99     2.06G   0.07808   0.03447         0    0.1125       145       416    0.7549    0.3948    0.4193    0.2071   0.07044   0.02883         0
     30/99     2.06G   0.07785   0.03395         0    0.1118       426       416    0.7838    0.3937    0.4235    0.2085   0.07015   0.02864         0
     31/99     2.06G   0.07738   0.03428         0    0.1117       133       416    0.7585    0.3994    0.4253    0.2087   0.07011   0.02857         0
     32/99     2.06G   0.07768   0.03391         0    0.1116       993       416    0.7782     0.397    0.4263     0.212   0.06985   0.02884         0
     33/99     2.06G   0.07744   0.03401         0    0.1115       173       416    0.7389    0.4089    0.4293    0.2127    0.0697   0.02848         0
     34/99     2.06G   0.07676   0.03375         0    0.1105        87       416     0.784    0.4042    0.4332     0.213   0.06965   0.02882         0
     35/99     2.06G   0.07725   0.03416         0    0.1114       338       416    0.7976    0.3962    0.4291    0.2115    0.0696   0.02889         0
     36/99     2.06G   0.07732   0.03436         0    0.1117       187       416    0.7915     0.405    0.4372    0.2145   0.06932   0.02875         0
     37/99     2.06G   0.07679   0.03386         0    0.1107       135       416    0.7799    0.4069    0.4386    0.2165   0.06928   0.02878         0
     38/99     2.06G   0.07719   0.03352         0    0.1107       113       416    0.7667    0.4093    0.4375    0.2155   0.06945   0.02883         0
     39/99     2.06G   0.07687    0.0339         0    0.1108       186       416    0.7701    0.4141    0.4393    0.2173   0.06918   0.02886         0
     40/99     2.06G   0.07622   0.03407         0    0.1103        91       416    0.7682    0.4137    0.4403    0.2172   0.06905   0.02872         0
     41/99     2.06G   0.07659   0.03405         0    0.1106        79       416    0.7748    0.4151     0.443    0.2189   0.06898   0.02883         0
     42/99     2.06G   0.07615   0.03412         0    0.1103       194       416    0.7484     0.422    0.4433    0.2194   0.06899   0.02855         0
     43/99     2.06G   0.07616   0.03387         0      0.11       104       416     0.766    0.4157    0.4429     0.219   0.06886   0.02856         0
     44/99     2.06G   0.07603   0.03365         0    0.1097       246       416    0.7344    0.4259    0.4449    0.2207   0.06889   0.02859         0
     45/99     2.06G   0.07661   0.03376         0    0.1104       282       416    0.7563    0.4216    0.4452    0.2201   0.06876   0.02852         0
     46/99     2.06G    0.0754   0.03362         0     0.109       283       416    0.7631    0.4258    0.4497    0.2221   0.06869   0.02842         0
     47/99     2.06G   0.07628   0.03396         0    0.1102       129       416    0.8165    0.4085     0.449    0.2217    0.0684   0.02842         0
     48/99     2.06G   0.07517   0.03297         0    0.1081       230       416    0.7977    0.4119    0.4473    0.2213   0.06848   0.02844         0
     49/99     2.06G   0.07538   0.03359         0     0.109       103       416    0.7312    0.4381    0.4513    0.2233   0.06835   0.02844         0
     50/99     2.06G   0.07536    0.0336         0     0.109        87       416    0.7771    0.4222    0.4505    0.2236   0.06825   0.02844         0
     51/99     2.06G   0.07547   0.03367         0    0.1091        72       416     0.775    0.4265    0.4547    0.2243   0.06807   0.02853         0
     52/99     2.06G   0.07591   0.03343         0    0.1093       160       416    0.7529     0.431    0.4521    0.2237   0.06799   0.02853         0
     53/99     2.06G   0.07544    0.0336         0     0.109        85       416    0.7647     0.427    0.4531    0.2249   0.06803   0.02847         0
     54/99     2.06G   0.07528   0.03363         0    0.1089       150       416     0.776    0.4232    0.4541    0.2255   0.06808   0.02846         0
     55/99     2.06G   0.07532   0.03318         0    0.1085        68       416    0.7956    0.4183     0.453    0.2255   0.06797   0.02846         0
     56/99     2.06G   0.07466   0.03283         0    0.1075       455       416    0.7972    0.4199    0.4535    0.2267   0.06794    0.0284         0
     57/99     2.06G     0.075   0.03356         0    0.1086       157       416    0.7652    0.4294     0.455    0.2273   0.06791   0.02841         0
     58/99     2.06G   0.07481   0.03322         0     0.108       178       416    0.7702    0.4304    0.4568     0.227   0.06781   0.02842         0
     59/99     2.06G   0.07475   0.03288         0    0.1076       102       416    0.7779    0.4313    0.4588    0.2271   0.06774   0.02842         0
     60/99     2.06G   0.07455   0.03317         0    0.1077       116       416    0.7794    0.4296    0.4594    0.2276   0.06769   0.02841         0
     61/99     2.06G   0.07457   0.03325         0    0.1078       197       416    0.7683    0.4331    0.4586    0.2279   0.06763   0.02842         0
     62/99     2.06G    0.0747   0.03302         0    0.1077       268       416     0.807     0.424    0.4606    0.2282   0.06754   0.02841         0
     63/99     2.06G   0.07384   0.03306         0    0.1069       521       416     0.779    0.4286    0.4585    0.2292   0.06748   0.02841         0
     64/99     2.06G   0.07492   0.03337         0    0.1083        95       416    0.7846    0.4273    0.4586    0.2289   0.06741   0.02838         0
     65/99     2.06G   0.07385   0.03309         0    0.1069        99       416    0.7807     0.426    0.4588     0.229   0.06739   0.02835         0
     66/99     2.06G   0.07441   0.03329         0    0.1077       690       416    0.7979    0.4228    0.4607    0.2292   0.06735   0.02835         0
     67/99     2.06G   0.07386   0.03279         0    0.1066       123       416     0.783    0.4266     0.461    0.2299   0.06734   0.02841         0
     68/99     2.06G   0.07462   0.03322         0    0.1078       160       416    0.8071      0.42     0.461      0.23    0.0673   0.02838         0
     69/99     2.06G   0.07345    0.0325         0     0.106       159       416    0.8063      0.42    0.4609    0.2304   0.06727    0.0284         0
     70/99     2.06G   0.07332   0.03294         0    0.1063       153       416    0.7546    0.4363    0.4614    0.2309   0.06723   0.02838         0
     71/99     2.06G   0.07377   0.03348         0    0.1073       171       416    0.7506    0.4377    0.4619    0.2307   0.06721   0.02839         0
     72/99     2.06G   0.07397   0.03304         0     0.107       304       416    0.7488    0.4407    0.4636    0.2311    0.0672   0.02837         0
     73/99     2.06G   0.07388   0.03268         0    0.1066       216       416    0.7349    0.4455    0.4634    0.2312   0.06719   0.02836         0
     74/99     2.06G   0.07369   0.03272         0    0.1064       227       416    0.7402    0.4447    0.4652    0.2316   0.06716   0.02836         0
     75/99     2.06G   0.07361   0.03333         0    0.1069        90       416    0.7456    0.4411    0.4634    0.2311   0.06716   0.02834         0
     76/99     2.06G   0.07359   0.03336         0    0.1069       126       416    0.7384    0.4464    0.4642    0.2312   0.06714   0.02836         0
     77/99     2.06G   0.07363   0.03322         0    0.1068       180       416    0.7433    0.4454    0.4642    0.2314   0.06713   0.02835         0
     78/99     2.06G     0.073   0.03284         0    0.1058       166       416    0.7405     0.446    0.4636    0.2313   0.06713   0.02835         0
     79/99     2.06G   0.07329   0.03276         0    0.1061       160       416    0.7504     0.444    0.4651    0.2323   0.06712   0.02834         0
     80/99     2.06G   0.07314   0.03299         0    0.1061       373       416    0.7521    0.4431    0.4646    0.2329   0.06712   0.02832         0
     81/99     2.06G   0.07292   0.03236         0    0.1053       165       416    0.7569    0.4433    0.4655    0.2329   0.06712   0.02833         0
     82/99     2.06G   0.07269   0.03232         0     0.105       161       416    0.7589    0.4435    0.4668    0.2333   0.06711   0.02832         0
     83/99     2.06G   0.07314   0.03266         0    0.1058       296       416    0.7562     0.444    0.4666    0.2334   0.06711   0.02831         0
     84/99     2.06G   0.07331   0.03315         0    0.1065       162       416    0.7562     0.446    0.4682    0.2341   0.06711   0.02829         0
     85/99     2.06G   0.07227   0.03245         0    0.1047       158       416    0.7971    0.4323    0.4675    0.2342   0.06709   0.02829         0
     86/99     2.06G    0.0732   0.03276         0     0.106       160       416    0.7933    0.4349    0.4679    0.2343   0.06707   0.02831         0
     87/99     2.06G   0.07258   0.03263         0    0.1052       336       416    0.7941    0.4346    0.4681    0.2343   0.06705    0.0283         0
     88/99     2.06G   0.07273   0.03262         0    0.1053       197       416     0.792    0.4353    0.4682    0.2344   0.06702   0.02829         0
     89/99     2.06G   0.07305   0.03318         0    0.1062       202       416    0.7929    0.4361    0.4683    0.2344   0.06701   0.02831         0
     90/99     2.06G    0.0732   0.03344         0    0.1066       172       416    0.7967    0.4349    0.4681    0.2344     0.067   0.02831         0
     91/99     2.06G   0.07235   0.03239         0    0.1047       120       416    0.7885    0.4375    0.4681    0.2346   0.06698   0.02831         0
     92/99     2.06G   0.07274    0.0325         0    0.1052       161       416    0.7912    0.4369    0.4688    0.2348   0.06698   0.02829         0
     93/99     2.06G   0.07237   0.03247         0    0.1048       219       416    0.7841    0.4391    0.4692    0.2351   0.06696    0.0283         0
     94/99     2.06G   0.07236   0.03262         0     0.105       170       416    0.7842    0.4387    0.4686    0.2351   0.06695    0.0283         0
     95/99     2.06G   0.07223   0.03225         0    0.1045       137       416    0.7869    0.4381     0.469    0.2352   0.06694   0.02829         0
     96/99     2.06G   0.07266   0.03254         0    0.1052       171       416    0.7881    0.4379    0.4697    0.2354   0.06694    0.0283         0
     97/99     2.06G   0.07232   0.03218         0    0.1045       177       416    0.7884    0.4373    0.4691    0.2355   0.06693   0.02829         0
     98/99     2.06G   0.07255   0.03244         0     0.105       165       416    0.7876    0.4377    0.4693    0.2353   0.06691   0.02828         0
     99/99     2.06G    0.0725   0.03243         0    0.1049       190       416    0.7879    0.4359    0.4682    0.2354    0.0669   0.02828         0
