      0/99     1.85G    0.1398   0.06219         0     0.202       202       416         0         0 0.0001847 2.816e-05    0.1265    0.0636         0
      1/99     1.82G    0.1363    0.0618         0    0.1981       436       416         0         0  0.001446 0.0003387    0.1247   0.05678         0
      2/99     1.82G    0.1343    0.0578         0    0.1921       141       416   0.02214   0.01477   0.00158 0.0003355    0.1241   0.05607         0
      3/99     1.82G    0.1314   0.05672         0    0.1881       171       416     0.103   0.05214   0.01794   0.00398      0.12   0.05354         0
      4/99     1.82G    0.1297   0.05745         0    0.1871       205       416      0.13   0.06088   0.02027  0.004904    0.1184   0.05434         0
      5/99     1.82G    0.1279   0.05776         0    0.1856       248       416    0.1057   0.07896   0.03288  0.007398    0.1178   0.05335         0
      6/99     1.82G     0.127   0.05919         0    0.1861       176       416    0.1144   0.09946    0.0391   0.01041    0.1151   0.05457         0
      7/99     1.82G    0.1263     0.059         0    0.1853       156       416   0.08332    0.1302    0.0437   0.01217    0.1143   0.05503         0
      8/99     1.82G    0.1253   0.05859         0    0.1839       204       416    0.1102    0.1076   0.04248   0.01186    0.1148   0.05492         0
      9/99     1.82G    0.1252   0.05961         0    0.1848       141       416    0.1232    0.1281   0.05063   0.01525    0.1136   0.05468         0
     10/99     1.82G    0.1246   0.05993         0    0.1845       208       416    0.1046    0.1287   0.04333   0.01231    0.1137   0.05446         0
     11/99     1.82G    0.1242   0.06026         0    0.1844       130       416    0.1075    0.1453   0.05053   0.01698    0.1126   0.05526         0
     12/99     1.82G    0.1237   0.05987         0    0.1836       247       416    0.1048    0.1468   0.05571   0.01739    0.1128   0.05418         0
     13/99     1.82G    0.1232    0.0602         0    0.1834       139       416    0.1042    0.1573   0.06462   0.02046     0.112    0.0542         0
     14/99     1.82G    0.1228   0.06003         0    0.1829       319       416    0.1245    0.1365   0.05224   0.01721    0.1125   0.05452         0
     15/99     1.82G    0.1226   0.06006         0    0.1827       130       416    0.1041     0.145   0.06094   0.02149    0.1117   0.05441         0
     16/99     1.82G    0.1225   0.06008         0    0.1826       124       416    0.1203    0.1603    0.0596   0.01853    0.1108   0.05437         0
     17/99     1.82G    0.1228   0.06072         0    0.1835       112       416    0.1004    0.1588   0.06418    0.0207    0.1113   0.05513         0
     18/99     1.82G    0.1225   0.06092         0    0.1834       133       416    0.1151    0.1652   0.06803   0.02332    0.1107    0.0547         0
     19/99     1.82G     0.122   0.05987         0    0.1818       260       416    0.1088      0.16   0.05625   0.01772    0.1106   0.05525         0
     20/99     1.82G    0.1216   0.06012         0    0.1817       255       416    0.1166    0.1769   0.06673    0.0223    0.1101   0.05526         0
     21/99     1.82G    0.1215    0.0612         0    0.1827        94       416    0.1115    0.1706   0.05351   0.01679    0.1111   0.05565         0
     22/99     1.82G    0.1214   0.06116         0    0.1826       135       416    0.1171     0.176    0.0731   0.02429    0.1105   0.05492         0
     23/99     1.82G    0.1213   0.06077         0    0.1821       284       416    0.1204    0.1754   0.06879   0.02223    0.1101   0.05492         0
     24/99     1.82G    0.1213   0.06142         0    0.1827       224       416    0.1216    0.1766    0.0668   0.02062      0.11   0.05504         0
     25/99     1.82G    0.1212   0.06101         0    0.1822       641       416    0.1137    0.1851   0.07386   0.02594    0.1096   0.05542         0
     26/99     1.82G    0.1208     0.061         0    0.1818       314       416    0.1169    0.1835   0.06341      0.02    0.1101   0.05553         0
     27/99     1.82G    0.1208   0.06113         0    0.1819       226       416    0.1166    0.1769   0.07056   0.02331      0.11   0.05491         0
     28/99     1.82G    0.1204    0.0609         0    0.1813        84       416    0.1215    0.1841   0.07198   0.02598    0.1091   0.05499         0
     29/99     1.82G    0.1206   0.06149         0    0.1821       317       416    0.1154    0.1826   0.06609     0.022    0.1093   0.05524         0
     30/99     1.82G    0.1206   0.06054         0    0.1812       134       416    0.1213    0.1947   0.07165   0.02358    0.1085   0.05518         0
     31/99     1.82G    0.1203   0.06138         0    0.1817       170       416    0.1213    0.1926   0.07813   0.02662    0.1085   0.05534         0
     32/99     1.82G    0.1198   0.06095         0    0.1808       278       416    0.1216    0.1998     0.075   0.02611    0.1089   0.05537         0
     33/99     1.82G      0.12   0.06177         0    0.1818       313       416    0.1225    0.1956   0.07633   0.02577    0.1088   0.05523         0
     34/99     1.82G    0.1195   0.06076         0    0.1803       197       416    0.1222     0.195   0.07423   0.02444    0.1091   0.05549         0
     35/99     1.82G    0.1199   0.06087         0    0.1808       210       416     0.128    0.1974   0.07714    0.0268    0.1084   0.05498         0
     36/99     1.82G    0.1196   0.06222         0    0.1818       113       416    0.1241    0.1958    0.0751   0.02525    0.1086   0.05521         0
     37/99     1.82G    0.1196   0.06201         0    0.1816       235       416    0.1257     0.195   0.07774   0.02642    0.1083    0.0554         0
     38/99     1.82G    0.1196    0.0616         0    0.1812       205       416    0.1229    0.1947   0.07526    0.0243    0.1086   0.05561         0
     39/99     1.82G    0.1194   0.06074         0    0.1801       205       416    0.1214     0.195   0.06824   0.02216     0.109   0.05572         0
     40/99     1.82G    0.1191   0.06232         0    0.1814       307       416     0.122    0.1971   0.07615   0.02434    0.1088   0.05568         0
     41/99     1.82G     0.119   0.06186         0    0.1809       249       416    0.1243     0.201   0.07797   0.02452    0.1084   0.05575         0
     42/99     1.82G    0.1192   0.06175         0    0.1809       311       416    0.1257    0.2033   0.07956   0.02647    0.1084   0.05591         0
     43/99     1.82G    0.1191   0.06222         0    0.1814       162       416     0.124    0.2028   0.07856   0.02534    0.1083   0.05591         0
     44/99     1.82G     0.119   0.06281         0    0.1818       336       416    0.1277    0.2074   0.08156   0.02569    0.1083   0.05585         0
     45/99     1.82G    0.1191   0.06194         0     0.181       210       416    0.1258    0.2016    0.0785   0.02616    0.1079   0.05575         0
     46/99     1.82G    0.1185   0.06231         0    0.1808       199       416    0.1264    0.2092   0.07713   0.02612    0.1079   0.05593         0
     47/99     1.82G    0.1189   0.06224         0    0.1811       113       416     0.124    0.2046   0.07865   0.02671    0.1078   0.05601         0
     48/99     1.82G    0.1182   0.06168         0    0.1799       307       416    0.1261    0.2074   0.07724   0.02567     0.108   0.05607         0
     49/99     1.82G    0.1185   0.06214         0    0.1807       148       416    0.1265    0.2071   0.08059   0.02665    0.1079   0.05606         0
     50/99     1.82G     0.118   0.06209         0    0.1801       262       416     0.128    0.2116   0.08385   0.02846    0.1076   0.05622         0
     51/99     1.82G    0.1188   0.06293         0    0.1818       335       416    0.1333    0.2188   0.08559   0.02877    0.1074   0.05628         0
     52/99     1.82G    0.1183   0.06205         0    0.1804       175       416    0.1337    0.2182   0.08737   0.02897    0.1074   0.05627         0
     53/99     1.82G    0.1181   0.06168         0    0.1798       163       416    0.1309    0.2167   0.08726   0.02944    0.1074   0.05613         0
     54/99     1.82G    0.1183    0.0629         0    0.1812       142       416    0.1298    0.2149   0.08614     0.029    0.1075   0.05598         0
     55/99     1.82G    0.1179   0.06235         0    0.1802       331       416    0.1304     0.217   0.08681    0.0298    0.1072   0.05601         0
     56/99     1.82G    0.1176    0.0619         0    0.1795       377       416    0.1295    0.2146   0.08665   0.02985    0.1073   0.05608         0
     57/99     1.82G    0.1179    0.0628         0    0.1807        88       416    0.1321    0.2173   0.08922   0.03032    0.1074   0.05612         0
     58/99     1.82G    0.1175   0.06248         0      0.18       215       416    0.1314    0.2203   0.09013   0.03072    0.1072   0.05619         0
     59/99     1.82G    0.1181     0.062         0    0.1801       271       416    0.1294    0.2221   0.09026   0.03088    0.1071   0.05631         0
     60/99     1.82G    0.1177   0.06285         0    0.1805       168       416    0.1279      0.22   0.08993   0.03134    0.1072   0.05628         0
     61/99     1.82G    0.1176   0.06276         0    0.1804        99       416    0.1287    0.2221   0.09195   0.03102    0.1071   0.05628         0
     62/99     1.82G    0.1172   0.06202         0    0.1792       429       416    0.1282    0.2221    0.0911   0.03116    0.1071   0.05634         0
     63/99     1.82G    0.1173   0.06183         0    0.1791        93       416    0.1292    0.2224   0.09065   0.03066    0.1071   0.05642         0
     64/99     1.82G    0.1174    0.0631         0    0.1805       175       416    0.1282    0.2218   0.08987   0.03077     0.107   0.05642         0
     65/99     1.82G    0.1173   0.06267         0      0.18       533       416     0.129    0.2227   0.09065   0.03114     0.107   0.05653         0
     66/99     1.82G    0.1174   0.06341         0    0.1809       148       416    0.1292    0.2239   0.09151   0.03153     0.107   0.05647         0
     67/99     1.82G    0.1172   0.06259         0    0.1798       119       416    0.1285    0.2218    0.0913   0.03131     0.107   0.05652         0
     68/99     1.82G     0.117   0.06254         0    0.1795       147       416    0.1291    0.2233   0.09152   0.03122    0.1069   0.05646         0
     69/99     1.82G    0.1166   0.06277         0    0.1794       146       416    0.1292    0.2242   0.09107   0.03068    0.1069   0.05656         0
     70/99     1.82G    0.1169   0.06293         0    0.1799       191       416    0.1296    0.2263   0.09154   0.03099    0.1069   0.05654         0
     71/99     1.82G    0.1168   0.06352         0    0.1804       124       416    0.1313    0.2285   0.09229   0.03112    0.1069   0.05652         0
     72/99     1.82G    0.1168   0.06311         0      0.18       222       416    0.1308    0.2281   0.09235   0.03127    0.1068   0.05656         0
     73/99     1.82G    0.1166    0.0627         0    0.1793       278       416    0.1309    0.2294   0.09248   0.03145    0.1068   0.05657         0
     74/99     1.82G    0.1168   0.06248         0    0.1793       385       416    0.1316    0.2306   0.09323   0.03109    0.1067   0.05652         0
     75/99     1.82G    0.1169   0.06305         0      0.18       176       416    0.1305    0.2285   0.09302   0.03138    0.1066    0.0565         0
     76/99     1.82G    0.1167    0.0632         0    0.1799       116       416    0.1315    0.2294   0.09281   0.03128    0.1065   0.05652         0
     77/99     1.82G    0.1168   0.06354         0    0.1803       307       416    0.1304    0.2278   0.09255   0.03122    0.1065   0.05651         0
     78/99     1.82G    0.1166   0.06351         0    0.1801       185       416    0.1313    0.2297   0.09281   0.03148    0.1065   0.05651         0
     79/99     1.82G    0.1163   0.06302         0    0.1793       342       416     0.131    0.2297   0.09263   0.03135    0.1064   0.05653         0
     80/99     1.82G    0.1163   0.06392         0    0.1802        72       416    0.1325    0.2318   0.09312   0.03136    0.1064    0.0566         0
     81/99     1.82G    0.1162   0.06367         0    0.1799       280       416    0.1327     0.233   0.09389   0.03148    0.1064   0.05657         0
     82/99     1.82G    0.1161   0.06291         0     0.179       284       416    0.1329    0.2336   0.09432    0.0316    0.1063   0.05658         0
     83/99     1.82G    0.1163   0.06272         0     0.179       129       416    0.1321    0.2324   0.09362   0.03179    0.1063   0.05659         0
     84/99     1.82G    0.1163   0.06292         0    0.1792       474       416    0.1322     0.233   0.09355    0.0319    0.1063   0.05662         0
     85/99     1.82G    0.1157   0.06348         0    0.1791       250       416    0.1325    0.2339   0.09425   0.03208    0.1063   0.05662         0
     86/99     1.82G    0.1157   0.06297         0    0.1787       140       416     0.132    0.2333   0.09429   0.03214    0.1062   0.05664         0
     87/99     1.82G    0.1157   0.06283         0    0.1785       181       416     0.132    0.2336   0.09467   0.03228    0.1062   0.05664         0
     88/99     1.82G    0.1156   0.06353         0    0.1791       211       416    0.1321    0.2339   0.09504   0.03244    0.1062   0.05665         0
     89/99     1.82G    0.1155    0.0629         0    0.1784        60       416    0.1318    0.2339   0.09476    0.0324    0.1062   0.05668         0
     90/99     1.82G    0.1158     0.064         0    0.1798       335       416    0.1317    0.2342   0.09492   0.03241    0.1062   0.05668         0
     91/99     1.82G    0.1162    0.0629         0    0.1791       143       416    0.1319    0.2351   0.09516   0.03264    0.1061   0.05672         0
     92/99     1.82G    0.1159   0.06295         0    0.1789       117       416    0.1321     0.236   0.09546   0.03273    0.1061   0.05669         0
     93/99     1.82G    0.1156   0.06257         0    0.1782       194       416    0.1317    0.2354   0.09513   0.03269    0.1061   0.05672         0
     94/99     1.82G    0.1157    0.0637         0    0.1794       223       416    0.1316    0.2353   0.09511   0.03286    0.1061   0.05674         0
     95/99     1.82G    0.1155   0.06399         0    0.1795       171       416    0.1309    0.2345   0.09484   0.03296     0.106   0.05671         0
     96/99     1.82G    0.1158   0.06387         0    0.1796       302       416    0.1308    0.2342   0.09483   0.03306     0.106   0.05672         0
     97/99     1.82G    0.1151   0.06306         0    0.1782        99       416    0.1314    0.2351   0.09508   0.03308     0.106   0.05674         0
     98/99     1.82G    0.1149   0.06315         0     0.178       171       416    0.1315    0.2354   0.09546    0.0332     0.106   0.05675         0
     99/99     1.82G    0.1159   0.06344         0    0.1793       120       416    0.1315     0.236   0.09561   0.03339     0.106   0.05678         0
